MDA231_AGR2ab-150_1_c3.tif	78954	380425	20.75
MDA231_AGR2ab-150_2_c3.tif	58074	380425	15.27
MDA231_AGR2ab-150_3_c3.tif	40978	380425	10.77
MDA231_AGR2ab-150_4_c3.tif	22208	380425	5.838
MDA231_IgG-150_1_c3.tif	152664	380425	40.13
MDA231_IgG-150_2_c3.tif	164475	380425	43.23
MDA231_IgG-150_3_c3.tif	178086	380425	46.81
MDA231_IgG-150_4_c3.tif	150596	380425	39.59
MDA231_Taxol10nM_1_c3.tif	100044	380425	26.3
MDA231_Taxol10nM_2_c3.tif	80919	380425	21.27
MDA231_Taxol10nM_3_c3.tif	71522	380425	18.8
MDA231_Taxol10nM_4_c3.tif	68208	380425	17.93
MDA231_stopper_1_c3.tif	3294	380425	0.8659
MDA231_stopper_2_c3.tif	2851	380425	0.7494
MDA231_stopper_3_c3.tif	1923	380425	0.5055
MDA231_stopper_4_c3.tif	1864	380425	0.49
MDA231_untreated_1_c3.tif	166695	380425	43.82
MDA231_untreated_2_c3.tif	186432	380425	49.01
MDA231_untreated_3_c3.tif	188568	380425	49.57
MDA231_untreated_4_c3.tif	157612	380425	41.43
