MDA231_AGR2ab-150_1_c1.tif	56307	380425	14.8
MDA231_AGR2ab-150_2_c1.tif	56727	380425	14.91
MDA231_AGR2ab-150_3_c1.tif	49992	380425	13.14
MDA231_AGR2ab-150_4_c1.tif	36444	380425	9.58
MDA231_IgG-150_1_c1.tif	85037	380425	22.35
MDA231_IgG-150_2_c1.tif	101610	380425	26.71
MDA231_IgG-150_3_c1.tif	106892	380425	28.1
MDA231_IgG-150_4_c1.tif	97141	380425	25.53
MDA231_Taxol10nM_1_c1.tif	49915	380425	13.12
MDA231_Taxol10nM_2_c1.tif	40720	380425	10.7
MDA231_Taxol10nM_3_c1.tif	42625	380425	11.2
MDA231_Taxol10nM_4_c1.tif	39890	380425	10.49
MDA231_stopper_1_c1.tif	3607	380425	0.9482
MDA231_stopper_2_c1.tif	2930	380425	0.7702
MDA231_stopper_3_c1.tif	2453	380425	0.6448
MDA231_stopper_4_c1.tif	1468	380425	0.3859
MDA231_untreated_1_c1.tif	108478	380425	28.51
MDA231_untreated_2_c1.tif	123626	380425	32.5
MDA231_untreated_3_c1.tif	121129	380425	31.84
MDA231_untreated_4_c1.tif	124422	380425	32.71
